"","ANSYS利用立場: 利用する立場","ANSYS利用立場: 利用及び評価・検証をする立場","ANSYS利用立場: 管理・統括をする立場","ANSYS利用立場: 利用及び検討には関与しない(契約・手続きのみ)","導入時に期待したことを実現できている","ANSYS利用頻度: ほぼ毎日","ANSYS利用頻度: 1週間に一度","ANSYS利用頻度: 1ヶ月に一度","ANSYS利用頻度: 3ヶ月に一度(またはそれ以下の使用頻度)","最も利用するライセンス","今後行いたい解析がある","今後行いたい解析","サポートに対する感想: 対応が丁寧","サポートに対する感想: 要望に対する対応スピードが早い","サポートに対する感想: 特に不満はない","サポートに対する感想: 不満足","担当営業に対する感想: 適切に連携が取れており、対応・回答も適切","担当営業に対する感想: 定期的に連絡があり、現状について確認をしてくれる","担当営業に対する感想: 特に不満はない","担当営業に対する感想: 不満足","ANSYSを他社や同僚・友人におすすめしたい","エンジニアリングサービスへの関心: 既に利用している","エンジニアリングサービスへの関心: ある","エンジニアリングサービスへの関心: ない","教育プログラムへの関心: 既に利用している","教育プログラムへの関心: ある","教育プログラムへの関心: ない"
"ANSYS利用立場: 利用する立場",1,-0.346,0.5,-0.436,0.346,0.305,-0.218,-0.577,0.346,0.5,-0.386,-0.218,-0.524,0.101,0.314,0.105,0.2,0,0,1,0,0,0,0.655,-0.204,-0.436,0
"ANSYS利用立場: 利用及び評価・検証をする立場",-0.346,1,-0.289,-0.418,-0.332,-0.19,0.896,-0.332,-0.375,-0.289,0.194,0.239,0.458,-0.354,-0.418,0.386,-0.466,0.083,0.083,-0.346,0.02,-0.039,0.02,-0.375,0.261,0.083,0.083
"ANSYS利用立場: 管理・統括をする立場",0.5,-0.289,1,-0.322,-0.256,-0.327,-0.322,-0.256,-0.289,1,0.055,-0.322,-0.322,-0.194,0.69,0.379,0.194,-0.024,-0.024,0.5,-0.069,0.134,-0.069,0.77,-0.43,-0.289,-0.024
"ANSYS利用立場: 利用及び検討には関与しない(契約・手続きのみ)",-0.436,-0.418,-0.322,1,-0.37,0.126,-0.467,0.794,0.02,-0.322,0.091,-0.048,-0.048,0.356,-0.048,-0.314,0.232,-0.199,-0.199,-0.436,-0.048,0.092,-0.048,-0.418,0.16,0.239,-0.199
"導入時に期待したことを実現できている",0.346,-0.332,-0.256,-0.37,1,0.378,-0.138,-0.294,0.642,-0.256,-0.33,0.095,-0.138,0.158,-0.138,-0.41,0.059,0.155,0.155,0.346,0.095,-0.184,0.095,0.155,-0.059,-0.089,0.155
"ANSYS利用頻度: ほぼ毎日",0.305,-0.19,-0.327,0.126,0.378,1,-0.023,-0.275,0.524,-0.327,-0.444,-0.252,-0.252,0.356,-0.19,-0.535,0.218,0.048,0.048,0.305,0.048,-0.089,0.048,-0.19,0.134,0.048,0.048
"ANSYS利用頻度: 1週間に一度",-0.218,0.896,-0.322,-0.467,-0.138,-0.023,1,-0.37,-0.418,-0.322,0.194,0.371,0.371,-0.428,-0.467,0.295,-0.356,0.02,0.02,-0.218,0.162,-0.111,-0.048,-0.199,0.16,0.02,0.02
"ANSYS利用頻度: 1ヶ月に一度",-0.577,-0.332,-0.256,0.794,-0.294,-0.275,-0.37,1,-0.332,-0.256,0.3,0.095,0.095,0.158,0.095,-0.184,0.059,-0.089,-0.089,-0.577,0.095,0.041,-0.138,-0.332,0.158,0.155,-0.089
"ANSYS利用頻度: 3ヶ月に一度(またはそれ以下の使用頻度)",0.346,-0.375,-0.289,0.02,0.642,0.524,-0.418,-0.332,1,-0.289,-0.471,-0.199,-0.199,0.466,-0.199,-0.463,0.149,0.083,0.083,0.346,-0.199,-0.039,0.239,-0.146,0.056,0.083,0.083
"最も利用するライセンス",0.5,-0.289,1,-0.322,-0.256,-0.327,-0.322,-0.256,-0.289,1,0.055,-0.322,-0.322,-0.194,0.69,0.379,0.194,-0.024,-0.024,0.5,-0.069,0.134,-0.069,0.77,-0.43,-0.289,-0.024
"今後行いたい解析がある",-0.386,0.194,0.055,0.091,-0.33,-0.444,0.194,0.3,-0.471,0.055,1,0.44,0.826,-0.849,-0.141,0.519,-0.316,-0.05,-0.05,-0.386,-0.05,0.091,-0.05,-0.05,0.091,-0.05,-0.05
"今後行いたい解析",-0.218,0.239,-0.322,-0.048,0.095,-0.252,0.371,0.095,-0.199,-0.322,0.44,1,0.371,-0.428,-0.467,0.295,-0.16,-0.199,-0.199,-0.218,0.162,-0.111,-0.048,-0.199,-0.036,0.239,-0.199
"サポートに対する感想: 対応が丁寧",-0.524,0.458,-0.322,-0.048,-0.138,-0.252,0.371,0.095,-0.199,-0.322,0.826,0.371,1,-0.624,-0.467,0.092,-0.552,0.239,0.239,-0.524,-0.048,-0.111,0.162,-0.418,0.16,0.239,0.239
"サポートに対する感想: 要望に対する対応スピードが早い",0.101,-0.354,-0.194,0.356,0.158,0.356,-0.428,0.158,0.466,-0.194,-0.849,-0.428,-0.624,1,0.16,-0.5,0.1,0.056,0.056,0.101,-0.036,0.069,-0.036,-0.149,0.083,0.056,0.056
"サポートに対する感想: 特に不満はない",0.314,-0.418,0.69,-0.048,-0.138,-0.19,-0.467,0.095,-0.199,0.69,-0.141,-0.467,-0.467,0.16,1,0.092,0.232,0.02,0.02,0.314,-0.257,0.092,0.162,0.458,-0.232,-0.199,0.02
"サポートに対する感想: 不満足",0.105,0.386,0.379,-0.314,-0.41,-0.535,0.295,-0.184,-0.463,0.379,0.519,0.295,0.092,-0.5,0.092,1,-0.069,-0.463,-0.463,0.105,-0.314,0.214,0.092,0.174,-0.121,-0.039,-0.463
"担当営業に対する感想: 適切に連携が取れており、対応・回答も適切",0.2,-0.466,0.194,0.232,0.059,0.218,-0.356,0.059,0.149,0.194,-0.316,-0.16,-0.552,0.1,0.232,-0.069,1,-0.671,-0.671,0.2,0.036,-0.069,0.036,0.149,-0.083,-0.056,-0.671
"担当営業に対する感想: 定期的に連絡があり、現状について確認をしてくれる",0,0.083,-0.024,-0.199,0.155,0.048,0.02,-0.089,0.083,-0.024,-0.05,-0.199,0.239,0.056,0.02,-0.463,-0.671,1,1,0,0.239,-0.039,-0.199,0.083,0.056,-0.146,1
"担当営業に対する感想: 特に不満はない",0,0.083,-0.024,-0.199,0.155,0.048,0.02,-0.089,0.083,-0.024,-0.05,-0.199,0.239,0.056,0.02,-0.463,-0.671,1,1,0,0.239,-0.039,-0.199,0.083,0.056,-0.146,1
"担当営業に対する感想: 不満足",1,-0.346,0.5,-0.436,0.346,0.305,-0.218,-0.577,0.346,0.5,-0.386,-0.218,-0.524,0.101,0.314,0.105,0.2,0,0,1,0,0,0,0.655,-0.204,-0.436,0
"ANSYSを他社や同僚・友人におすすめしたい",0,0.02,-0.069,-0.048,0.095,0.048,0.162,0.095,-0.199,-0.069,-0.05,0.162,-0.048,-0.036,-0.257,-0.314,0.036,0.239,0.239,0,1,-0.516,-0.467,0.02,0.356,-0.418,0.239
"エンジニアリングサービスへの関心: 既に利用している",0,-0.039,0.134,0.092,-0.184,-0.089,-0.111,0.041,-0.039,0.134,0.091,-0.111,-0.111,0.069,0.092,0.214,-0.069,-0.039,-0.039,0,-0.516,1,-0.516,0.174,-0.69,0.598,-0.039
"エンジニアリングサービスへの関心: ある",0,0.02,-0.069,-0.048,0.095,0.048,-0.048,-0.138,0.239,-0.069,-0.05,-0.048,0.162,-0.036,0.162,0.092,0.036,-0.199,-0.199,0,-0.467,-0.516,1,-0.199,0.356,-0.199,-0.199
"エンジニアリングサービスへの関心: ない",0.655,-0.375,0.77,-0.418,0.155,-0.19,-0.199,-0.332,-0.146,0.77,-0.05,-0.199,-0.418,-0.149,0.458,0.174,0.149,0.083,0.083,0.655,0.02,0.174,-0.199,1,-0.559,-0.375,0.083
"教育プログラムへの関心: 既に利用している",-0.204,0.261,-0.43,0.16,-0.059,0.134,0.16,0.158,0.056,-0.43,0.091,-0.036,0.16,0.083,-0.232,-0.121,-0.083,0.056,0.056,-0.204,0.356,-0.69,0.356,-0.559,1,-0.559,0.056
"教育プログラムへの関心: ある",-0.436,0.083,-0.289,0.239,-0.089,0.048,0.02,0.155,0.083,-0.289,-0.05,0.239,0.239,0.056,-0.199,-0.039,-0.056,-0.146,-0.146,-0.436,-0.418,0.598,-0.199,-0.375,-0.559,1,-0.146
"教育プログラムへの関心: ない",0,0.083,-0.024,-0.199,0.155,0.048,0.02,-0.089,0.083,-0.024,-0.05,-0.199,0.239,0.056,0.02,-0.463,-0.671,1,1,0,0.239,-0.039,-0.199,0.083,0.056,-0.146,1
