"","ANSYS利用立場: 利用する立場","ANSYS利用立場: 利用及び評価・検証をする立場","ANSYS利用立場: 管理・統括をする立場","ANSYS利用立場:利用及び検討には関与しない(契約・手続きのみ)","導入時の期待を実現できている","ANSYS利用頻度(毎日:1, それ以外:0)","ANSYS利用頻度(1週間に一度以上:1, それ以外:0)","ANSYS利用頻度(1ヶ月に1度以上:1, それ以外:0)","今後行いたい解析がある","サポートに肯定的","担当営業に肯定的","ANSYSを他社や同僚・友人におすすめしようと思うほどご満足いただけていましたでしょうか？","エンジニアリングサービスへの関心","教育プログラムへの関心","従業員規模：5百人未満","従業員規模：5百人以上","従業員規模：1～5千人","従業員規模：5～10千人","従業員規模：1万人以上","従業員規模：不明","売上規模：5億円未満","売上規模：5億円以上","売上規模：10億円以上","売上規模：50億円以上","売上規模：100億円以上","売上規模：不明"
"ANSYS利用立場: 利用する立場",0,3e-05,0.02433,0.00031,0.94174,0.34894,0.71574,0.89728,0.7846,0.43919,0.10941,0.37892,0.28283,0.84024,0.29746,0.33329,0.3069,0.76331,0.4155,0.19501,0.10222,0.76331,0.02492,0.17003,0.60145,0.19501
"ANSYS利用立場: 利用及び評価・検証をする立場",3e-05,0,0.03855,0.00754,0.87549,0.20737,0.9459,0.90481,0.00195,0.68332,0.34063,0.01945,0.0141,0.00246,0.50143,0.96436,0.57677,0.89642,0.35932,0.74947,0.45626,0.11825,0.28445,0.76311,0.66598,0.74947
"ANSYS利用立場: 管理・統括をする立場",0.02433,0.03855,0,0.82308,0.23371,0.06283,0.19996,0.94529,0.82281,0.63172,0.72588,0.78262,0.09556,0.5273,0.14802,0.6879,0.59616,0.3073,0.47222,0.81713,0.33927,0.62729,0.39228,0.0685,0.0543,0.81713
"ANSYS利用立場:利用及び検討には関与しない(契約・手続きのみ)",0.00031,0.00754,0.82308,0,0.84111,0.2173,0.89673,0.49026,0.66016,0.11847,0.36885,0.30419,0.31899,0.15384,0.7829,0.19277,0.05163,0.70436,0.78933,0.79669,0.17984,0.70436,0.50379,0.07525,0.50967,0.79669
"導入時の期待を実現できている",0.94174,0.87549,0.23371,0.84111,0,0.42305,0.22726,0.79275,0.05427,0.36089,0.08635,5e-05,0.59685,0.16554,0.29065,0.43947,0.53322,0.37501,NA,0.35978,0.06173,0.42463,0.20341,0.15507,0.48518,0.35978
"ANSYS利用頻度(毎日:1, それ以外:0)",0.34894,0.20737,0.06283,0.2173,0.42305,0,0,9e-05,0.06468,0.78788,0.21344,0.09089,0.54199,0.48155,0.81206,0.09791,0.02457,0.34392,0.13028,0.32631,0.45895,0.34392,0.0954,0.035,0.42036,0.32631
"ANSYS利用頻度(1週間に一度以上:1, それ以外:0)",0.71574,0.9459,0.19996,0.89673,0.22726,0,0,0,0.18025,0.33948,0.86566,0.09366,0.49563,0.29895,0.40106,0.04193,0.22633,0.76331,0.4155,0.45497,0.87115,0.76331,0.59571,0.04525,0.60145,0.45497
"ANSYS利用頻度(1ヶ月に1度以上:1, それ以外:0)",0.89728,0.90481,0.94529,0.49026,0.79275,9e-05,0,0,0.72447,0.69442,0.49703,0.69395,0.1884,0.00855,0.29259,0.03759,0.59097,0.34299,0.59046,0.88563,0.18216,0.4447,0.73325,0.07681,0.61073,0.88563
"今後行いたい解析がある",0.7846,0.00195,0.82281,0.66016,0.05427,0.06468,0.18025,0.72447,0,0.31105,0.49703,0.93809,0.02098,0.11371,0.57453,0.63854,0.28497,0.54776,0.13028,0.66049,0.45895,0.34392,0.28954,0.49959,0.68103,0.66049
"サポートに肯定的",0.43919,0.68332,0.63172,0.11847,0.36089,0.78788,0.33948,0.69442,0.31105,0,0.1613,0.23758,0.68332,0.24274,0.63172,0.61796,0.24274,0.7912,0.7912,0.61796,0.39415,NA,0.64102,0.02212,0.30118,0.61796
"担当営業に肯定的",0.10941,0.34063,0.72588,0.36885,0.08635,0.21344,0.86566,0.49703,0.49703,0.1613,0,0.2113,0.72588,0.42317,0.17341,0.39596,0.97236,NA,NA,0.31287,0.21921,0.01921,0.44125,0.30984,0.55525,0.31287
"ANSYSを他社や同僚・友人におすすめしようと思うほどご満足いただけていましたでしょうか？",0.37892,0.01945,0.78262,0.30419,5e-05,0.09089,0.09366,0.69395,0.93809,0.23758,0.2113,0,0.35242,0.96722,0.77567,0.47543,0.61714,0.6859,NA,0.86323,0.76052,NA,0.50848,0.79671,0.27886,0.86323
"エンジニアリングサービスへの関心",0.28283,0.0141,0.09556,0.31899,0.59685,0.54199,0.49563,0.1884,0.02098,0.68332,0.72588,0.35242,0,0.00533,0.91297,0.09558,0.69455,0.3073,0.16072,0.06953,0.28329,0.62729,0.39228,0.78643,0.0551,0.06953
"教育プログラムへの関心",0.84024,0.00246,0.5273,0.15384,0.16554,0.48155,0.29895,0.00855,0.11371,0.24274,0.42317,0.96722,0.00533,0,0.33979,0.83601,0.84091,0.02254,0.53017,0.71321,0.26227,0.37267,0.11625,0.5519,0.81492,0.71321
"従業員規模：5百人未満",0.29746,0.50143,0.14802,0.7829,0.29065,0.81206,0.40106,0.29259,0.57453,0.63172,0.17341,0.77567,0.91297,0.33979,0,3e-05,0,0.22352,0.39138,5e-05,0,0.09478,0.00324,0.00011,0,5e-05
"従業員規模：5百人以上",0.33329,0.96436,0.6879,0.19277,0.43947,0.09791,0.04193,0.03759,0.63854,0.61796,0.39596,0.47543,0.09558,0.83601,3e-05,0,0.00871,0.5257,0.65499,0.03463,0.02489,0.5257,0.26353,0.14177,0,0.03463
"従業員規模：1～5千人",0.3069,0.57677,0.59616,0.05163,0.53322,0.02457,0.22633,0.59097,0.28497,0.24274,0.97236,0.61714,0.69455,0.84091,0,0.00871,0,0.4447,0.59046,0.01095,0.0069,0.4447,0.17811,0.07681,0,0.01095
"従業員規模：5～10千人",0.76331,0.89642,0.3073,0.70436,0.37501,0.34392,0.76331,0.34299,0.54776,0.7912,NA,0.6859,0.3073,0.02254,0.22352,0.5257,0.4447,0,0.89642,0.53824,0.51344,0.85333,0.74463,0.66863,0.16419,0.53824
"従業員規模：1万人以上",0.4155,0.35932,0.47222,0.78933,NA,0.13028,0.4155,0.59046,0.13028,0.7912,NA,NA,0.16072,0.53017,0.39138,0.65499,0.59046,0.89642,0,0.66473,0.6454,0.89642,0.81858,0.76311,0.3273,0.66473
"従業員規模：不明",0.19501,0.74947,0.81713,0.79669,0.35978,0.32631,0.45497,0.88563,0.66049,0.61796,0.31287,0.86323,0.06953,0.71321,5e-05,0.03463,0.01095,0.53824,0.66473,0,0.02959,0.53824,0.27818,0.15416,0,0
"売上規模：5億円未満",0.10222,0.45626,0.33927,0.17984,0.06173,0.45895,0.87115,0.18216,0.45895,0.39415,0.21921,0.76052,0.28329,0.26227,0,0.02489,0.0069,0.51344,0.6454,0.02959,0,0.51344,0.24956,0.13028,0,0.02959
"売上規模：5億円以上",0.76331,0.11825,0.62729,0.70436,0.42463,0.34392,0.76331,0.4447,0.34392,NA,0.01921,NA,0.62729,0.37267,0.09478,0.5257,0.4447,0.85333,0.89642,0.53824,0.51344,0,0.74463,0.66863,0.14378,0.53824
"売上規模：10億円以上",0.02492,0.28445,0.39228,0.50379,0.20341,0.0954,0.59571,0.73325,0.28954,0.64102,0.44125,0.50848,0.39228,0.11625,0.00324,0.26353,0.17811,0.74463,0.81858,0.27818,0.24956,0.74463,0,0.45076,0.01,0.27818
"売上規模：50億円以上",0.17003,0.76311,0.0685,0.07525,0.15507,0.035,0.04525,0.07681,0.49959,0.02212,0.30984,0.79671,0.78643,0.5519,0.00011,0.14177,0.07681,0.66863,0.76311,0.15416,0.13028,0.66863,0.45076,0,0.00071,0.15416
"売上規模：100億円以上",0.60145,0.66598,0.0543,0.50967,0.48518,0.42036,0.60145,0.61073,0.68103,0.30118,0.55525,0.27886,0.0551,0.81492,0,0,0,0.16419,0.3273,0,0,0.14378,0.01,0.00071,0,0
"売上規模：不明",0.19501,0.74947,0.81713,0.79669,0.35978,0.32631,0.45497,0.88563,0.66049,0.61796,0.31287,0.86323,0.06953,0.71321,5e-05,0.03463,0.01095,0.53824,0.66473,0,0.02959,0.53824,0.27818,0.15416,0,0
